2020 1299
2019 1344
2018 1325
2017 1072
2016 972
2015 944
2014 773
2013 685
2012 533
2011 562
2010 478
2009 391
2008 399
2007 354
2006 290
2005 272
2004 212
2003 220
2002 203
2001 130
2000 114
1999 101
1998 97
1997 74
1996 62
1995 79
1994 44
1993 48
1992 32
1991 34
1990 39
1989 32
1988 39
1987 19
1986 33
1985 30
1984 12
1983 18
1982 9
1981 7
1980 10
1979 9
1978 15
1977 13
1976 12
1975 12
1974 13
1973 5
1972 2
1971 10
1970 6
1969 4
1968 7
1967 1
1966 3
1965 1
1964 4
1963 1
1962 1
1961 2
1960 0
1959 1
1958 0
1957 1
1956 0
1955 0
1954 1
1953 0
1952 0
1951 0
1950 0
1949 1
